# Sparsity thresholds file
# Format: activation_threshold predictor_threshold (one line per layer)

0.031251 264.960110
0.040565 223.978543
0.049575 214.526534
0.058181 193.434810
0.069996 205.251000
0.079952 207.485081
0.083015 207.105373
0.083369 204.937232
0.087022 223.164892
0.088368 211.237214
0.090623 223.806092
0.089900 221.470895
0.088399 206.343118
0.094454 226.440584
0.102015 228.708762
0.110400 245.994108
0.117473 253.906397
0.125434 270.129197
0.130449 291.485051
0.141105 311.380919
0.146564 313.879238
0.154309 310.004203
0.158619 350.594622
0.171556 356.775557
0.177244 394.481134
0.180313 403.120466
0.187168 413.704476
0.197952 427.992472
0.192608 413.749810
0.183994 333.508600
0.154354 330.324148
0.171109 229.678649
