# Sparsity thresholds file
# Format: activation_threshold predictor_threshold (one line per layer)

0.026056 195.543653
0.030867 179.712832
0.041677 194.115322
0.054407 208.430668
0.073938 290.677550
0.082385 284.587074
0.092887 305.430117
0.093668 313.217123
0.095892 325.672645
0.097853 310.765011
0.097167 305.496331
0.098213 307.761517
0.098627 299.984216
0.105571 311.063466
0.110422 296.653037
0.115742 301.992496
0.109918 255.072350
0.114743 250.353198
0.108757 217.052613
0.109414 199.396805
0.105743 183.471717
0.111240 177.910918
0.107945 158.664060
0.105541 148.211695
0.108994 142.296464
0.107525 145.671385
0.113653 152.249216
0.120626 156.692702
0.125880 171.251306
0.140766 193.548904
0.176041 314.025042
0.467868 1471.873200
